Ligar ar:

Valor lido : 17C2417C
Unknown encoding: 17C2417C (32 bits)
Raw (198): 6050 -3276750 9900 -1700 500 -1650 550 -128000 0 -50 14400 -0 23550 -700 1500 -0 60400 -1600 0 -12800 0 -2364400 2364400 -2364400 2364400 -86000 38750 -2364400 9200 -0 0 -3264000 150 -38550 1650 -0 0 -0 0 -3266400 9200 -0 0 -2364400 9200 -3247600 1664400 -0 2364400 -0 2210200 -0 9200 -0 50 -51400 2364400 -2364400 2364400 -0 6750 -0 0 -38450 0 -11050 0 -0 0 -2364400 2364400 -2364400 2364400 -2364400 2364400 -2364400 0 -2364400 2364400 -0 2364400 -2364400 2364400 -2364400 2364400 -2364400 2364400 -25700 1282350 -1285000 0 -3174400 3276700 -0 2364400 -2355300 77100 -10350 0 -2364400 2364400 -2364400 2364400 -2364400 0 -2364400 2364400 -2364400 2364400 -2364400 2364400 -2364400 2364400 -2364400 2364400 -2364400 0 -2364400 2364400 -2364400 2364400 -0 2364400 -2364400 2364400 -2364400 2364400 -0 0 -51350 43350 -45600 55200 -48050 46350 -47350 128650 -1024000 1426500 -1490300 427950 -1100800 1387250 -1464750 1384000 -1285250 415150 -412500 1088000 -1375100 1426300 -1413950 1294400 -1272700 1285550 -1413250 747550 -1600 1296200 -1425750 1297800 -414600 887100 -745750 1600 -1296200 1425750 -1297800 414600 -1015350 1143100 -412500 870400 -1272250 1285550 -1285050 1051200 -681750 412500 -870400 1272250 -1285550 1285050 -1051200 694550 -412500 870400 -1272250 1285550 -1285050 974400 -745950 1600 -1296200 1425750 -1297800 414600 

---
variant

Valor lido : 38CF1F90
Unknown encoding: 38CF1F90 (32 bits)
Raw (198): 6050 -3276750 9900 -1600 500 -1650 550 -128000 0 -50 14400 -0 23550 -700 1500 -2364400 60400 -1600 400 -12800 0 -2364400 2364400 -424050 2364400 -86000 40350 -2364400 9200 -0 0 -3264000 150 -38550 650 -0 0 -0 0 -3266400 9200 -0 9200 -0 9200 -3247600 1664400 -0 2364400 -0 2210200 -0 9200 -0 50 -51400 2364400 -2364400 0 -0 6750 -0 0 -38450 0 -2850 4900 -0 0 -2364400 2364400 -2364400 2364400 -2364400 2364400 -2364400 2364400 -2364400 2364400 -2364400 2364400 -2364400 2364400 -9200 0 -2364400 2364400 -25700 1282400 -1285000 0 -3174400 3276700 -0 2364400 -2355300 77100 -10350 0 -2364400 2364400 -2364400 0 -2364400 2364400 -2364400 2364400 -2364400 2364400 -2364400 2364400 -2364400 0 -2364400 2364400 -2364400 2364400 -2364400 2364400 -0 2364400 -2364400 2364400 -2364400 2364400 -2364400 2364400 -0 0 -51350 43350 -45600 55200 -48050 46350 -47350 128650 -1024000 1426500 -1490300 427950 -1100800 1387250 -1464750 1384000 -1285250 415150 -412500 1088000 -1375100 1426300 -1413950 1294400 -1272700 1285550 -1413250 747550 -1600 1296200 -1425750 1297800 -414600 887100 -745750 1600 -1296200 1425750 -1297800 414600 -1015350 1143100 -412500 870400 -1272250 1285550 -1285050 1051200 -681750 412500 -870400 1272250 -1285550 1285050 -1051200 694550 -412500 870400 -1272250 1285550 -1285050 974400 -745950 1600 -1296200 1425750 -1297800 414600 

----fim----

desligar ar:

Valor lido : ECBA3FF2
Unknown encoding: ECBA3FF2 (32 bits)
Raw (198): 6000 -3276750 9900 -1650 500 -1600 550 -128000 0 -50 14400 -0 23550 -700 1500 -2364400 60400 -1600 0 -12800 0 -9200 0 -2364400 2364400 -86000 40350 -2364400 9200 -0 0 -3264000 150 -38550 11050 -0 0 -0 0 -3266400 0 -0 0 -2364400 9200 -3247600 1664400 -0 2364400 -0 2210200 -0 9200 -0 50 -51400 2364400 -2364400 2364400 -0 6750 -0 0 -38450 0 -8950 2700 -0 0 -2364400 2364400 -2364400 0 -2364400 2364400 -2364400 2364400 -2364400 2364400 -2364400 2364400 -2364400 2364400 -2364400 0 -2364400 2364400 -25700 1282600 -1285000 0 -3174400 3276700 -0 2364400 -2355300 77100 -10350 0 -2364400 0 -2364400 2364400 -2364400 2364400 -2364400 2364400 -2364400 2364400 -2364400 2364400 -2364400 0 -2364400 2364400 -2364400 2364400 -9200 0 -2364400 2364400 -2364400 2364400 -2364400 2364400 -0 2364400 -0 0 -51350 43350 -45600 55200 -48050 46350 -47350 128650 -1024000 1426500 -1490300 427950 -1100800 1387250 -1464750 1384000 -1285250 415150 -412500 1088000 -1375100 1426300 -1413950 1294400 -1272700 1285550 -1413250 747550 -1600 1296200 -1425750 1297800 -414600 887100 -745750 1600 -1296200 1425750 -1297800 414600 -1015350 1143100 -412500 870400 -1272250 1285550 -1285050 1051200 -681750 412500 -870400 1272250 -1285550 1285050 -1051200 694550 -412500 870400 -1272250 1285550 -1285050 974400 -745950 1600 -1296200 1425750 -1297800 414600

---- variant

Valor lido : D541C1DF
Unknown encoding: D541C1DF (32 bits)
Raw (198): 6100 -2235900 9900 -1600 500 -1600 550 -128000 0 -50 14400 -0 23550 -700 1500 -2364400 393200 -1600 2800 -12800 0 -0 2364400 -2364400 2364400 -86000 40350 -2364400 0 -0 0 -3264000 150 -38550 2600 -0 0 -0 0 -3266400 9200 -0 9200 -2364400 9200 -3247600 1664400 -0 2364400 -0 2210200 -0 9200 -0 50 -51400 0 -2364400 2364400 -0 6750 -0 0 -38450 0 -4400 9700 -0 0 -2364400 2364400 -2364400 2364400 -2364400 2364400 -2364400 2364400 -2364400 2364400 -2364400 2364400 -0 2364400 -2364400 2364400 -2364400 2364400 -25700 1282350 -1285000 0 -3174400 3276700 -0 2364400 -2355300 77100 -10350 0 -2364400 2364400 -2364400 0 -2364400 2364400 -2364400 2364400 -2364400 2364400 -0 2364400 -2364400 2364400 -2364400 2364400 -2364400 2364400 -2364400 2364400 -2364400 2364400 -2364400 2364400 -2364400 2364400 -2364400 0 -0 0 -51350 43350 -45600 55200 -48050 46350 -47350 128650 -1024000 1426500 -1490300 427950 -1100800 1387250 -1464750 1384000 -1285250 415150 -412500 1088000 -1375100 1426300 -1413950 1294400 -1272700 1285550 -1413250 747550 -1600 1296200 -1425750 1297800 -414600 887100 -745750 1600 -1296200 1425750 -1297800 414600 -1015350 1143100 -412500 870400 -1272250 1285550 -1285050 1051200 -681750 412500 -870400 1272250 -1285550 1285050 -1051200 694550 -412500 870400 -1272250 1285550 -1285050 974400 -745950 1600 -1296200 1425750 -1297800 414600

---fim


enviando:------

Pronto!data[6234, 7302, 500, 1570, 500, 1570, 500, 1570, 500, 1570, 500, 1570, 500, 1570, 500, 1570, 500, 1570, 500, 500, 500, 500, 500, 500, 500, 500, 500, 500, 500, 500, 500, 500, 500, 500, 500, 1570, 500, 1570, 500, 1570, 500, 1570, 500, 1570, 500, 1570, 500, 1570, 500, 1570, 500, 500, 500, 500, 500, 500, 500, 500, 500, 500, 500, 500, 500, 500, 500, 500, 500, 1570, 500, 1570, 500, 1570, 500, 1570, 500, 1570, 500, 1570, 500, 1570, 500, 1570, 500, 500, 500, 500, 500, 500, 500, 500, 500, 500, 500, 500, 500, 500, 500, 500, 500, 1570, 500, 500, 500, 500, 500, 1570, 500, 1570, 500, 500, 500, 500, 500, 1570, 500, 1570, 500, 500, 500, 500, 500, 1570, 500, 1570, 500, 500, 500, 500, 500, 1570, 500, 500, 500, 500, 500, 500, 500, 1570, 500, 1570, 500, 1570, 500, 1570, 500, 1570, 500, 1570, 500, 1570, 500, 1570, 500, 500, 500, 500, 500, 500, 500, 500, 500, 500, 500, 500, 500, 1570, 500, 500, 500, 1570, 500, 500, 500, 1570, 500, 500, 500, 500, 500, 1570, 500, 500, 500, 1570, 500, 500, 500, 1570, 500, 500, 500, 1570, 500, 1570, 608, 7372, 616, ]: sizeOfData: 
394

Pronto!data[6234, 7302, 500, 1570, 500, 1570, 500, 1570, 500, 1570, 500, 1570, 500, 1570, 500, 1570, 500, 1570, 500, 500, 500, 500, 500, 500, 500, 500, 500, 500, 500, 500, 500, 500, 500, 500, 500, 1570, 500, 1570, 500, 1570, 500, 1570, 500, 1570, 500, 1570, 500, 1570, 500, 1570, 500, 500, 500, 500, 500, 500, 500, 500, 500, 500, 500, 500, 500, 500, 500, 500, 500, 1570, 500, 1570, 500, 1570, 500, 1570, 500, 1570, 500, 1570, 500, 1570, 500, 1570, 500, 500, 500, 500, 500, 500, 500, 500, 500, 500, 500, 500, 500, 500, 500, 500, 500, 1570, 500, 500, 500, 500, 500, 1570, 500, 1570, 500, 500, 500, 500, 500, 1570, 500, 1570, 500, 500, 500, 500, 500, 1570, 500, 1570, 500, 500, 500, 500, 500, 1570, 500, 500, 500, 500, 500, 500, 500, 1570, 500, 1570, 500, 1570, 500, 1570, 500, 1570, 500, 1570, 500, 1570, 500, 1570, 500, 500, 500, 500, 500, 500, 500, 500, 500, 500, 500, 500, 500, 1570, 500, 500, 500, 1570, 500, 500, 500, 1570, 500, 500, 500, 500, 500, 1570, 500, 500, 500, 1570, 500, 500, 500, 1570, 500, 500, 500, 1570, 500, 1570, 608, 7372, 616, ]: sizeOfData: 
197

----
